1216049462863204456
1191423436405346384
1221030836040630296
1225870294380445810
1225871768263196843
1226778020417634344
1191027891912319068
1246900788094308376
1247999610765709418
1246094203365228596
942526896023932959
1240237095231029320
1233141381279645699
1216049462863204456
1244999673480085649
1246900788094308376
1247231293222293630
1247999610765709418
1144678059887308851
1246094203365228596
1262446452316049583
1262854763566076066
1261280421996658779
1261171179973251082
1260446759507857440
1260652147918377051
1259519249005805588
1117617331380699186
1111032443089195078
1257753647563935817
942526896023932959
1248338784592859167
1265891755283452004
1264588123581583473
